3.401360544217686948e-03
3.023431594860166369e-03
2.645502645502645356e-03
3.023431594860166369e-03
3.401360544217686948e-03
3.401360544217686948e-03
3.023431594860166369e-03
3.023431594860166369e-03
5.668934240362811725e-03
5.668934240362811725e-03
5.668934240362811725e-03
5.668934240362811725e-03
5.668934240362811725e-03
5.668934240362811725e-03
5.668934240362811725e-03
5.668934240362811725e-03
5.668934240362811725e-03
5.668934240362811725e-03
5.668934240362811725e-03
5.668934240362811725e-03
5.668934240362811725e-03
5.668934240362811725e-03
5.668934240362811725e-03
5.668934240362811725e-03
5.668934240362811725e-03
5.668934240362811725e-03
5.668934240362811725e-03
5.668934240362811725e-03
6.046863189720332737e-03
6.046863189720332737e-03
5.668934240362811725e-03
5.668934240362811725e-03
5.668934240362811725e-03
5.668934240362811725e-03
5.668934240362811725e-03
5.668934240362811725e-03
5.668934240362811725e-03
5.668934240362811725e-03
5.668934240362811725e-03
5.668934240362811725e-03
5.668934240362811725e-03
5.668934240362811725e-03
5.668934240362811725e-03
5.668934240362811725e-03
5.668934240362811725e-03
5.668934240362811725e-03
6.046863189720332737e-03
6.046863189720332737e-03
6.046863189720332737e-03
6.046863189720332737e-03
6.046863189720332737e-03
6.424792139077853750e-03
6.046863189720332737e-03
9.569160997732426566e-01
9.448223733938020119e-03
4.913076341647770566e-03
5.291005291005290712e-03
5.291005291005290712e-03
5.291005291005290712e-03
5.291005291005290712e-03
9.603174603174603474e-01
5.026455026455026731e-01
4.795918367346938549e-01
4.792139077853363460e-01
4.795918367346938549e-01
4.807256235827664370e-01
9.606953892668178563e-01
0.000000000000000000e+00
0.000000000000000000e+00
0.000000000000000000e+00
0.000000000000000000e+00
0.000000000000000000e+00
0.000000000000000000e+00
0.000000000000000000e+00
0.000000000000000000e+00
0.000000000000000000e+00
0.000000000000000000e+00
0.000000000000000000e+00
0.000000000000000000e+00
0.000000000000000000e+00
0.000000000000000000e+00
0.000000000000000000e+00
0.000000000000000000e+00
0.000000000000000000e+00
0.000000000000000000e+00
0.000000000000000000e+00
0.000000000000000000e+00
0.000000000000000000e+00
0.000000000000000000e+00
0.000000000000000000e+00
0.000000000000000000e+00
0.000000000000000000e+00
0.000000000000000000e+00
0.000000000000000000e+00
0.000000000000000000e+00
0.000000000000000000e+00
0.000000000000000000e+00
0.000000000000000000e+00
0.000000000000000000e+00
0.000000000000000000e+00
0.000000000000000000e+00
0.000000000000000000e+00
0.000000000000000000e+00
0.000000000000000000e+00
0.000000000000000000e+00
0.000000000000000000e+00
0.000000000000000000e+00
0.000000000000000000e+00
0.000000000000000000e+00
0.000000000000000000e+00
0.000000000000000000e+00
0.000000000000000000e+00
0.000000000000000000e+00
0.000000000000000000e+00
0.000000000000000000e+00
0.000000000000000000e+00
0.000000000000000000e+00
0.000000000000000000e+00
0.000000000000000000e+00
0.000000000000000000e+00
