0.000000000000000000e+00
0.000000000000000000e+00
0.000000000000000000e+00
0.000000000000000000e+00
0.000000000000000000e+00
0.000000000000000000e+00
0.000000000000000000e+00
0.000000000000000000e+00
0.000000000000000000e+00
0.000000000000000000e+00
0.000000000000000000e+00
0.000000000000000000e+00
0.000000000000000000e+00
0.000000000000000000e+00
0.000000000000000000e+00
0.000000000000000000e+00
0.000000000000000000e+00
0.000000000000000000e+00
0.000000000000000000e+00
0.000000000000000000e+00
0.000000000000000000e+00
0.000000000000000000e+00
0.000000000000000000e+00
0.000000000000000000e+00
0.000000000000000000e+00
3.779289493575207961e-04
0.000000000000000000e+00
0.000000000000000000e+00
0.000000000000000000e+00
3.779289493575207961e-04
7.558578987150415922e-04
0.000000000000000000e+00
0.000000000000000000e+00
0.000000000000000000e+00
0.000000000000000000e+00
3.779289493575207961e-04
0.000000000000000000e+00
3.779289493575207961e-04
3.779289493575207961e-04
0.000000000000000000e+00
0.000000000000000000e+00
0.000000000000000000e+00
0.000000000000000000e+00
0.000000000000000000e+00
3.779289493575207961e-04
3.779289493575207961e-04
0.000000000000000000e+00
0.000000000000000000e+00
0.000000000000000000e+00
0.000000000000000000e+00
0.000000000000000000e+00
0.000000000000000000e+00
0.000000000000000000e+00
0.000000000000000000e+00
0.000000000000000000e+00
9.531368102796674568e-01
5.222978080120936895e-01
4.792139077853363460e-01
4.792139077853363460e-01
4.795918367346938549e-01
7.176870748299319924e-01
9.523809523809523281e-01
4.913076341647770566e-03
4.913076341647770566e-03
5.291005291005290712e-03
5.291005291005290712e-03
4.913076341647770566e-03
4.913076341647770566e-03
9.565381708238851477e-01
6.832955404383975750e-01
6.424792139077853750e-03
6.046863189720332737e-03
6.046863189720332737e-03
6.046863189720332737e-03
6.046863189720332737e-03
6.046863189720332737e-03
6.046863189720332737e-03
6.046863189720332737e-03
6.046863189720332737e-03
6.046863189720332737e-03
6.802721088435373896e-03
2.721088435374149558e-02
2.229780801209372762e-02
1.776266061980347546e-02
1.625094482237339488e-02
1.473922902494331083e-02
1.549508692365835286e-02
1.473922902494331083e-02
1.360544217687074779e-02
1.284958427815570750e-02
1.360544217687074779e-02
1.436130007558578982e-02
1.322751322751322678e-02
1.322751322751322678e-02
1.322751322751322678e-02
1.284958427815570750e-02
1.171579743008314446e-02
1.209372637944066547e-02
1.247165532879818649e-02
1.209372637944066547e-02
1.247165532879818649e-02
1.247165532879818649e-02
1.133786848072562345e-02
1.776266061980347546e-02
1.662887377173091416e-02
1.284958427815570750e-02
1.133786848072562345e-02
1.058201058201058142e-02
1.020408163265306041e-02
1.020408163265306041e-02
1.020408163265306041e-02
1.095993953136810244e-02
1.133786848072562345e-02
1.171579743008314446e-02
8.692365835222978093e-03
9.070294784580499106e-03
8.314436885865457080e-03
7.936507936507936067e-03
7.558578987150415922e-03
8.692365835222978093e-03
