0.000000000000000000e+00
0.000000000000000000e+00
0.000000000000000000e+00
0.000000000000000000e+00
0.000000000000000000e+00
0.000000000000000000e+00
0.000000000000000000e+00
0.000000000000000000e+00
0.000000000000000000e+00
0.000000000000000000e+00
0.000000000000000000e+00
0.000000000000000000e+00
0.000000000000000000e+00
0.000000000000000000e+00
0.000000000000000000e+00
0.000000000000000000e+00
0.000000000000000000e+00
0.000000000000000000e+00
0.000000000000000000e+00
0.000000000000000000e+00
0.000000000000000000e+00
0.000000000000000000e+00
0.000000000000000000e+00
7.812500000000000434e-04
0.000000000000000000e+00
0.000000000000000000e+00
0.000000000000000000e+00
0.000000000000000000e+00
0.000000000000000000e+00
0.000000000000000000e+00
0.000000000000000000e+00
0.000000000000000000e+00
0.000000000000000000e+00
0.000000000000000000e+00
0.000000000000000000e+00
0.000000000000000000e+00
0.000000000000000000e+00
0.000000000000000000e+00
0.000000000000000000e+00
0.000000000000000000e+00
0.000000000000000000e+00
0.000000000000000000e+00
0.000000000000000000e+00
0.000000000000000000e+00
0.000000000000000000e+00
0.000000000000000000e+00
0.000000000000000000e+00
0.000000000000000000e+00
0.000000000000000000e+00
0.000000000000000000e+00
3.812499999999999778e-01
9.140625000000000000e-01
4.578125000000000111e-01
4.585937500000000222e-01
4.585937500000000222e-01
4.585937500000000222e-01
9.148437499999999556e-01
1.093749999999999931e-02
1.093749999999999931e-02
1.093749999999999931e-02
1.093749999999999931e-02
1.093749999999999931e-02
1.093749999999999931e-02
9.054687500000000444e-01
1.640625000000000069e-02
1.328124999999999965e-02
1.250000000000000069e-02
1.250000000000000069e-02
1.250000000000000069e-02
1.406250000000000035e-02
1.562500000000000000e-02
1.640625000000000069e-02
1.796874999999999861e-02
1.718750000000000139e-02
1.718750000000000139e-02
1.953125000000000000e-02
1.796874999999999861e-02
1.328124999999999965e-02
1.328124999999999965e-02
1.328124999999999965e-02
1.406250000000000035e-02
1.718750000000000139e-02
1.874999999999999931e-02
2.578124999999999861e-02
2.734375000000000000e-02
2.421875000000000069e-02
2.500000000000000139e-02
2.187499999999999861e-02
2.031250000000000069e-02
2.265624999999999931e-02
2.421875000000000069e-02
2.656249999999999931e-02
2.421875000000000069e-02
2.343750000000000000e-02
2.109375000000000139e-02
1.874999999999999931e-02
1.484374999999999931e-02
1.562500000000000000e-02
1.562500000000000000e-02
1.562500000000000000e-02
1.640625000000000069e-02
1.718750000000000139e-02
1.796874999999999861e-02
2.187499999999999861e-02
2.109375000000000139e-02
2.343750000000000000e-02
2.421875000000000069e-02
2.578124999999999861e-02
2.031250000000000069e-02
2.031250000000000069e-02
2.031250000000000069e-02
2.109375000000000139e-02
1.874999999999999931e-02
1.953125000000000000e-02
1.406250000000000035e-02
1.171875000000000000e-02
1.250000000000000069e-02
1.328124999999999965e-02
1.250000000000000069e-02
1.328124999999999965e-02
