2.265624999999999931e-02
2.500000000000000139e-02
2.890625000000000139e-02
2.500000000000000139e-02
2.500000000000000139e-02
2.890625000000000139e-02
2.812500000000000069e-02
2.968749999999999861e-02
3.359374999999999861e-02
3.984374999999999722e-02
3.984374999999999722e-02
3.828125000000000278e-02
4.140624999999999861e-02
4.374999999999999722e-02
3.203124999999999722e-02
3.281250000000000139e-02
3.671875000000000139e-02
2.343750000000000000e-02
2.500000000000000139e-02
2.421875000000000069e-02
2.421875000000000069e-02
2.265624999999999931e-02
2.500000000000000139e-02
2.500000000000000139e-02
2.421875000000000069e-02
2.421875000000000069e-02
2.343750000000000000e-02
1.953125000000000000e-02
1.953125000000000000e-02
1.953125000000000000e-02
2.109375000000000139e-02
2.031250000000000069e-02
2.265624999999999931e-02
2.187499999999999861e-02
1.953125000000000000e-02
1.953125000000000000e-02
2.031250000000000069e-02
2.031250000000000069e-02
2.109375000000000139e-02
2.187499999999999861e-02
2.265624999999999931e-02
2.578124999999999861e-02
1.796874999999999861e-02
1.874999999999999931e-02
1.953125000000000000e-02
1.874999999999999931e-02
1.796874999999999861e-02
1.796874999999999861e-02
1.796874999999999861e-02
1.796874999999999861e-02
1.796874999999999861e-02
1.796874999999999861e-02
1.796874999999999861e-02
1.874999999999999931e-02
1.874999999999999931e-02
9.062500000000000000e-01
5.382812500000000444e-01
1.093749999999999931e-02
1.093749999999999931e-02
1.093749999999999931e-02
1.093749999999999931e-02
1.093749999999999931e-02
4.890625000000000111e-01
9.156250000000000222e-01
4.585937500000000222e-01
4.585937500000000222e-01
4.585937500000000222e-01
4.578125000000000111e-01
9.124999999999999778e-01
5.468749999999999653e-03
0.000000000000000000e+00
0.000000000000000000e+00
0.000000000000000000e+00
0.000000000000000000e+00
0.000000000000000000e+00
0.000000000000000000e+00
0.000000000000000000e+00
0.000000000000000000e+00
0.000000000000000000e+00
0.000000000000000000e+00
0.000000000000000000e+00
0.000000000000000000e+00
0.000000000000000000e+00
0.000000000000000000e+00
0.000000000000000000e+00
0.000000000000000000e+00
0.000000000000000000e+00
0.000000000000000000e+00
0.000000000000000000e+00
0.000000000000000000e+00
7.812500000000000434e-04
0.000000000000000000e+00
0.000000000000000000e+00
0.000000000000000000e+00
0.000000000000000000e+00
0.000000000000000000e+00
7.812500000000000434e-04
0.000000000000000000e+00
0.000000000000000000e+00
0.000000000000000000e+00
0.000000000000000000e+00
0.000000000000000000e+00
0.000000000000000000e+00
0.000000000000000000e+00
7.812500000000000434e-04
7.812500000000000434e-04
7.812500000000000434e-04
0.000000000000000000e+00
0.000000000000000000e+00
0.000000000000000000e+00
0.000000000000000000e+00
0.000000000000000000e+00
0.000000000000000000e+00
0.000000000000000000e+00
0.000000000000000000e+00
0.000000000000000000e+00
0.000000000000000000e+00
0.000000000000000000e+00
0.000000000000000000e+00
0.000000000000000000e+00
